0 : [0.30485437 0.30909091 0.35810811 0.56833405 0.41897835]
1 : [0.32038835 0.32545455 0.37837838 0.62405535 0.45923545]
2 : [0.3184466  0.32909091 0.37668919 0.61812335 0.51427887]
3 : [0.36504854 0.37454545 0.41722973 0.63856611 0.48036479]
4 : [0.36893204 0.37454545 0.42567568 0.6219658  0.57600361]
5 : [0.37475728 0.38727273 0.4375     0.68920284 0.54688205]
6 : [0.37475728 0.38727273 0.43412162 0.72269946 0.59637179]
7 : [0.39029126 0.39272727 0.44256757 0.63508352 0.51341903]
8 : [0.39029126 0.39272727 0.44425676 0.71256515 0.53509811]
9 : [0.40776699 0.40545455 0.46283784 0.72543329 0.55139265]
10 : [0.40582524 0.41090909 0.46283784 0.72753445 0.57180311]
11 : [0.41165049 0.41090909 0.46283784 0.73383792 0.53098218]
12 : [0.41941748 0.42       0.46621622 0.69830398 0.46803112]
13 : [0.42718447 0.42909091 0.48141892 0.7072252  0.56737709]
14 : [0.42524272 0.42909091 0.47972973 0.767677   0.5811908 ]
15 : [0.42524272 0.42909091 0.47972973 0.79574661 0.63887009]
16 : [0.44466019 0.44727273 0.49831081 0.76222096 0.59734438]
17 : [0.44466019 0.44727273 0.50168919 0.7667251  0.58495433]
18 : [0.45436893 0.45636364 0.50337838 0.807065   0.57597542]
19 : [0.45631068 0.45636364 0.50506757 0.73978153 0.65967524]
20 : [0.46213592 0.46545455 0.51858108 0.77778229 0.63739005]
21 : [0.46407767 0.46545455 0.51351351 0.82799531 0.60932567]
22 : [0.46601942 0.47454545 0.52195946 0.80066285 0.59659732]
23 : [0.47184466 0.48363636 0.53716216 0.79752272 0.7164806 ]
24 : [0.47378641 0.48363636 0.53547297 0.84232613 0.6401387 ]
25 : [0.47184466 0.48363636 0.54222973 0.84926227 0.70557059]
26 : [0.47572816 0.48363636 0.53716216 0.84936675 0.71075778]
27 : [0.48932039 0.50181818 0.55236486 0.85837503 0.67713972]
28 : [0.49126214 0.50181818 0.55405405 0.88000186 0.72603744]
29 : [0.50485437 0.52       0.57094595 1.         0.78306834]
30 : [0.53398058 0.54727273 0.59628378 0.94659462 0.74124662]
31 : [0.53398058 0.54727273 0.59459459 0.94932844 0.73923094]
32 : [0.55728155 0.56545455 0.61655405 0.98822888 0.80374662]
33 : [0.58058252 0.59272727 0.62668919 0.98133336 0.80340832]
34 : [0.59223301 0.59272727 0.63682432 0.92259963 0.75029601]
35 : [0.10485437 0.10363636 0.125      0.14039446 0.172023  ]
36 : [0.17475728 0.17818182 0.19425676 0.20720778 0.25007048]
37 : [0.19417476 0.18909091 0.20945946 0.22330311 0.26172756]
38 : [0.20776699 0.20727273 0.22635135 0.22568288 0.29981394]
39 : [0.21553398 0.21090909 0.22635135 0.26047386 0.35614005]
40 : [0.22330097 0.22       0.23648649 0.27551861 0.32476319]
41 : [0.22524272 0.22545455 0.24155405 0.25767039 0.33097936]
42 : [0.23106796 0.22909091 0.25168919 0.2545883  0.3166864 ]
43 : [0.25048544 0.24727273 0.26858108 0.23658916 0.38154037]
44 : [0.25242718 0.24727273 0.26182432 0.28473004 0.35241881]
45 : [0.25242718 0.25636364 0.27871622 0.30791823 0.39082939]
46 : [0.26213592 0.25636364 0.27364865 0.27986023 0.32101376]
47 : [0.26407767 0.25636364 0.27364865 0.27115378 0.38796797]
48 : [0.2815534  0.28363636 0.31081081 0.33699778 0.39292963]
49 : [0.2815534  0.27272727 0.30236486 0.30106335 0.36417456]
50 : [0.28349515 0.27454545 0.30405405 0.32901106 0.43408886]
51 : [0.31262136 0.30545455 0.32263514 0.31100612 0.40290934]
52 : [0.32038835 0.32       0.34459459 0.41491473 0.48618629]
53 : [0.33980583 0.33818182 0.36824324 0.39699105 0.52520298]
54 : [0.42718447 0.42363636 0.44256757 0.4502165  0.60715494]
55 : [0.31262136 0.32       0.33614865 0.38610218 0.45105999]
56 : [0.3223301  0.32909091 0.34628378 0.37246207 0.45118685]
57 : [0.35145631 0.35636364 0.37162162 0.40918008 0.512235  ]
58 : [0.40776699 0.41090909 0.42567568 0.52329266 0.77728913]
59 : [0.50873786 0.50909091 0.52027027 0.58233403 0.77892422]
60 : [0.57864078 0.57454545 0.58614865 0.61674193 0.77207375]
61 : [0.11650485 0.11454545 0.13006757 0.29712803 0.18026894]
62 : [0.13203883 0.12909091 0.14527027 0.281439   0.17853518]
63 : [0.17087379 0.16909091 0.18581081 0.32949862 0.22911028]
64 : [0.19417476 0.19272727 0.21114865 0.38678709 0.26365866]
65 : [0.21165049 0.21090909 0.22972973 0.41584342 0.31647497]
66 : [0.22330097 0.22363636 0.24324324 0.39522654 0.3167005 ]
67 : [0.22330097 0.22363636 0.24324324 0.44505067 0.33305142]
68 : [0.23883495 0.23818182 0.25844595 0.46480852 0.2973472 ]
69 : [0.26601942 0.26545455 0.28716216 0.50017993 0.36874154]
70 : [0.30097087 0.30181818 0.32432432 0.54325946 0.43645692]
71 : [0.32038835 0.32       0.34121622 0.55951151 0.44914299]
72 : [0.         0.         0.         0.0222653  0.05080063]
73 : [0.09708738 0.09636364 0.09966216 0.10445422 0.13413396]
74 : [0.1223301  0.12       0.12162162 0.12163496 0.19513983]
75 : [0.14563107 0.14181818 0.14189189 0.16623521 0.2232747 ]
76 : [0.1592233  0.16363636 0.16385135 0.16597982 0.26695704]
77 : [0.16893204 0.17454545 0.17567568 0.20280232 0.32053451]
78 : [0.18058252 0.18727273 0.17905405 0.20145572 0.29259698]
79 : [0.18834951 0.19272727 0.19256757 0.2267973  0.28227898]
80 : [0.2        0.20363636 0.2027027  0.19788027 0.28039017]
81 : [0.20776699 0.21090909 0.20608108 0.19465308 0.24306495]
82 : [0.22330097 0.22909091 0.23141892 0.23008834 0.35343369]
83 : [0.22330097 0.22909091 0.23141892 0.24314802 0.31854702]
84 : [0.22330097 0.22909091 0.23141892 0.23008834 0.36929127]
85 : [0.22912621 0.23454545 0.23648649 0.27022509 0.35047361]
86 : [0.24271845 0.24727273 0.24831081 0.2543213  0.33264265]
87 : [0.24271845 0.24727273 0.24831081 0.22704108 0.34920501]
88 : [0.24271845 0.24727273 0.24831081 0.2543213  0.34920501]
89 : [0.24271845 0.24727273 0.24831081 0.24068119 0.34920501]
90 : [0.24271845 0.24727273 0.24831081 0.22022103 0.41545444]
91 : [0.25242718 0.25636364 0.25675676 0.23957838 0.36315968]
92 : [0.25242718 0.25636364 0.25675676 0.29390664 0.36315968]
93 : [0.25631068 0.26       0.26013514 0.24522016 0.36400541]
94 : [0.26213592 0.26545455 0.2652027  0.20257595 0.36344159]
95 : [0.27184466 0.27454545 0.27364865 0.2638984  0.37739626]
96 : [0.2815534  0.28363636 0.28209459 0.3229862  0.37711434]
97 : [0.2815534  0.28363636 0.28209459 0.2697027  0.39149188]
98 : [0.29320388 0.29454545 0.29391892 0.29050532 0.43952977]
99 : [0.30097087 0.30181818 0.29898649 0.27344648 0.37154657]
100 : [0.31067961 0.31272727 0.30743243 0.28049871 0.44984777]
101 : [0.33980583 0.32909091 0.32432432 0.31573082 0.43645692]
102 : [0.34368932 0.34363636 0.33614865 0.38277051 0.57646876]
103 : [0.34757282 0.34727273 0.33952703 0.31568439 0.46337957]
104 : [0.34757282 0.34727273 0.33952703 0.30897461 0.46337957]
105 : [0.34757282 0.34727273 0.33952703 0.32239416 0.49596865]
